Seed : 888
5000
11.0 24.8 51.6 63.0 81.6 95.8 107.3 114.6 
10000
10.4 23.4 49.1 60.2 78.7 92.7 104.6 112.4 
15000
10.3 23.2 48.6 59.5 77.8 91.8 103.5 111.2 
20000
10.1 22.8 48.1 59.2 77.7 92.0 103.9 111.5 
25000
10.0 22.5 47.4 58.4 77.2 91.6 103.5 111.3 
30000
10.0 22.5 47.4 58.3 77.3 91.6 103.3 111.2 
35000
9.6 21.9 46.7 57.6 76.2 90.6 102.3 110.0 
40000
9.6 21.9 46.7 57.6 76.3 90.6 102.2 110.0 
Seed : 888
5000
11.6 26.1 53.7 65.2 84.2 98.5 110.2 118.3 
10000
10.5 23.6 49.3 60.3 78.9 92.9 104.4 111.8 
15000
10.2 22.9 47.9 59.0 78.0 92.4 104.3 112.1 
20000
10.1 22.7 47.4 58.5 77.7 92.0 104.1 112.1 
25000
10.0 22.5 47.1 58.2 77.1 91.7 103.8 111.7 
30000
10.0 22.4 47.0 57.9 76.7 91.3 103.7 111.7 
35000
9.6 21.7 46.2 57.2 75.6 89.8 101.6 109.1 
Seed : 888
Seed : 888
Seed : 888
Seed : 888
Seed : 888
5000
12.6 27.2 54.9 66.3 83.9 97.1 107.9 114.9 
10000
11.7 25.5 51.8 62.9 80.6 93.9 104.9 111.8 
15000
11.8 25.1 50.7 61.5 79.5 93.4 104.6 111.6 
20000
11.6 25.3 51.4 62.3 79.8 93.3 104.4 111.5 
25000
11.3 24.5 50.3 61.2 79.3 93.3 104.5 111.6 
30000
11.5 24.8 50.4 61.4 79.7 93.9 105.5 112.5 
35000
11.1 24.1 49.7 60.8 79.2 93.5 105.2 112.3 
40000
11.1 24.1 49.7 60.9 79.4 93.7 105.4 112.5 
